15THR;65.44830;72.73264;1;
15THR_;58.05841;68.41611;1;
19THR;58.05841;68.26879;1;
22THR;63.64251;66.69558;1;
22THR_;60.98704;76.55245;1;
24THR;66.05437;76.63977;1;
24VOR;65.44204;72.73434;1;
27THR;62.24583;74.55452;1;
29THR;62.14412;74.51630;1;
32VOR;71.22746;72.12993;1;
33DME;71.22827;72.13444;1;
ABARE;71.12056;73.11000;1;
ABELO;61.94389;64.89167;0;
ABGIL;62.32722;67.72167;0;
ABGON;65.57500;81.54000;0;
ABIMA;66.37389;67.59389;0;
ABITI;56.14361;69.65222;0;
ABOGA;65.25083;77.42722;0;
ABOSO;66.70056;64.27306;0;
ABREN;63.24389;84.63917;0;
ABUTA;61.36667;69.75333;0;
ADERA;68.86667;66.78333;0;
ADMAT;65.95972;75.45139;0;
ADMUR;59.82389;69.60528;0;
AGEBI;65.31472;82.35139;0;
AGMUS;60.96389;65.97500;0;
AGOMI;70.04056;70.57972;0;
ALAGI;58.03361;64.78194;0;
ALELA;66.25889;78.42556;0;
ALEPI;67.18556;75.72028;0;
ALOGA;60.60056;74.33222;0;
AMDOT;67.36056;72.90167;0;
AMESU;65.01778;76.98944;0;
ANARI;60.95861;75.90583;0;
ANESU;66.23917;83.00722;0;
ANIKI;61.00056;71.86528;0;
APRAN;61.28722;75.13556;0;
ARBET;63.66389;65.21333;0;
ARLIP;64.61556;72.20028;0;
ARMEK;61.45722;71.98528;0;
ARNIN;61.07000;77.35500;0;
ARSOK;64.23444;82.78083;0;
ASBUK;60.49528;76.47861;0;
ASMAT;64.91444;66.24083;0;
ASTUT;64.57806;77.65611;0;
ATBAR;62.41222;71.81861;0;
ATKOR;63.65222;65.01000;0;
ATLON;62.99444;74.37194;0;
ATMES;57.98194;65.92861;0;
ATNIR;69.98972;67.89250;0;
ATREM;60.97722;67.23194;0;
ATSEK;65.73944;66.63667;0;
BABUK;56.08361;69.59889;0;
BAGEN;66.63389;72.91500;0;
BAGIK;60.59333;76.25528;0;
BAGUL;66.64389;73.79167;0;
BAKIN;62.93639;64.31111;0;
BALKI;70.03500;72.81361;0;
BANAM;57.12194;63.75361;0;
BANEP;70.39556;68.34111;0;
BANIL;65.38028;73.74722;0;
BANTA;65.94917;83.20222;0;
BAPLI;61.80278;66.00611;0;
BARVO;67.51083;81.52889;0;
BASAK;60.61833;73.49167;0;
BASEB;68.48833;78.90139;0;
BAVDA;59.36361;66.81361;0;
BEBIR;63.92056;65.02833;0;
BEDMI;61.63000;64.29139;0;
BEKUP;65.70056;82.44889;0;
BELEG;63.68889;66.69833;0;
BELNU;68.47000;80.27139;0;
BEMOS;66.66556;71.99167;0;
BEMUN;61.14389;77.91806;0;
BENIG;60.08306;75.95306;0;
BEPAR;57.14639;64.49083;0;
BESIT;61.08250;74.28806;0;
BESIV;67.30222;73.95833;0;
BETIG;63.87972;64.42750;0;
BETIL;63.59083;74.84778;0;
BETKA;68.62861;80.05306;0;
BETMI;65.28194;77.98278;0;
BIKTI;60.92250;75.94083;0;
BIMLO;58.27472;63.99250;0;
BIMSA;66.86722;70.83167;0;
BISPU;66.61833;67.73694;0;
BOGRI;62.85750;75.94583;0;
BOKUR;63.84222;65.61167;0;
BOMLI;60.75056;72.74861;0;
BUGOS;68.11500;75.99361;0;
BUKOS;56.91028;64.62861;0;
BULOM;63.00861;64.86167;0;
BUNAB;68.22194;74.37500;0;
BUNAT;60.92889;77.61056;0;
BURIB;65.35833;66.64917;0;
CD04Y;66.49261;66.07595;1;
CD04Z;66.51596;66.20477;1;
CD21;57.31476;65.46984;1;
CD22;66.68092;66.98466;1;
CD30;57.07566;65.55816;1;
CF01;63.07336;75.15588;1;
CF03;60.77633;76.16194;1;
CF03_;57.10741;65.15625;1;
CF04;71.11649;71.37161;1;
CF04_;66.53312;66.34642;1;
CF07;61.34273;73.13419;1;
CF09;66.11085;76.20160;1;
CF13;68.09479;74.97183;1;
CF14;65.60939;72.56936;1;
CF16;63.81371;66.71138;1;
CF19;63.29449;75.38398;1;
CF21;61.10876;76.78158;1;
CF21_;57.25144;65.44811;1;
CF22;66.64890;66.88233;1;
CF25;61.34438;73.63461;1;
CF26;58.05818;68.56034;1;
CF27;66.02832;76.83767;1;
CF30;57.10288;65.48500;1;
CF30X;57.11682;65.45920;1;
CF31;67.88218;75.22049;1;
CF32;65.35667;72.82458;1;
CF34;61.99126;65.60468;1;
CI03;60.84528;76.28893;1;
CI04;71.15594;71.63739;1;
CI04V;66.48416;66.12369;1;
CI04Z;66.50503;66.21837;1;
CI06;61.00368;68.89171;1;
CI17;62.31835;74.58183;1;
CI21;61.04644;76.66399;1;
CI21Y;57.31556;65.57889;1;
CI22V;66.69110;67.08100;1;
CI22Z;66.67309;66.99598;1;
CI24;61.05298;69.28060;1;
CI35;62.06281;74.48582;1;
CL01;63.07095;75.15342;1;
D001M;71.39139;72.32291;1;
D001M_;66.78061;66.82528;1;
D002P;61.19204;76.63485;1;
D008H;60.27500;64.96528;1;
D014M;71.36252;72.44156;1;
D015K;57.34694;65.50444;1;
D018K;57.34124;65.51929;1;
D019N;61.12751;76.73389;1;
D026K;66.70322;66.94349;1;
D028H;60.24056;65.02500;1;
D029M;66.71738;67.02796;1;
D029M_;57.34306;65.61472;1;
D029P;57.36944;65.66222;1;
D030G;61.41889;73.66889;1;
D032G;61.41889;73.68056;1;
D032M;71.30939;72.56815;1;
D033G;57.29037;65.52877;1;
D033K;57.29070;65.52844;1;
D035N;61.08470;76.82784;1;
D036M;71.29268;72.59344;1;
D037G;61.41472;73.70611;1;
D043K;57.28302;65.62427;1;
D046G;61.40056;73.72889;1;
D050K;66.63898;67.03203;1;
D056T;66.64872;67.42164;1;
D057P;61.01928;76.98200;1;
D063M;66.60190;67.13719;1;
D066E;61.35389;73.67556;1;
D067P;60.97472;77.00074;1;
D070K;57.19979;65.67491;1;
D070M;66.57615;67.13720;1;
D073M;71.15765;72.63080;1;
D079K;57.13518;65.57842;1;
D080E;61.33389;73.67556;1;
D084I;57.16205;65.59143;1;
D084M;57.15000;65.73361;1;
D086I;57.16956;65.59380;1;
D086J;57.17672;65.59506;1;
D089H;57.18420;65.59399;1;
D093G;61.30556;73.72722;1;
D093J;57.09390;65.53629;1;
D095M;66.48837;67.07424;1;
D096P;60.84530;76.96363;1;
D099G;61.29333;73.72944;1;
D099I;57.12445;65.57069;1;
D099K;57.10706;65.64550;1;
D099M;57.09194;65.70139;1;
D099S;57.05194;65.86056;1;
D101J;57.12922;65.57389;1;
D101K;57.13293;65.57742;1;
D105H;57.14716;65.58597;1;
D106G;61.27889;73.71556;1;
D115K;57.06278;65.59611;1;
D119K;57.05222;65.57833;1;
D120J;57.06910;65.54737;1;
D120K;57.06605;65.55300;1;
D120L;57.06515;65.55195;1;
D130M;71.00296;72.20540;1;
D143H;59.94583;64.89306;1;
D156M;66.37719;66.61709;1;
D161I;59.91167;64.81528;1;
D163P;60.68306;76.47706;1;
D164M;56.96194;65.33556;1;
D167M;70.99918;71.78850;1;
D172M;66.38429;66.47179;1;
D181P;60.69433;76.31215;1;
D197N;60.75556;76.21802;1;
D207K;66.47456;66.27042;1;
D208M;71.08832;71.41973;1;
D213I;57.04584;65.03045;1;
D213K;57.06811;65.07711;1;
D215K;57.06222;65.06528;1;
D215N;60.80229;76.11088;1;
D220M;57.05528;64.99778;1;
D223P;60.80879;76.00989;1;
D225H;61.28222;73.06056;1;
D230H;61.29306;73.04500;1;
D231K;66.53898;66.18332;1;
D234M;71.17943;71.31544;1;
D235K;66.55089;66.17565;1;
D236H;61.30694;73.04222;1;
D238T;66.53424;65.78902;1;
D238V;66.52916;65.71512;1;
D248F;61.33556;73.08556;1;
D252K;61.34056;72.93556;1;
D253E;61.34417;73.11806;1;
D258F;61.35222;73.08889;1;
D265G;61.37056;73.04889;1;
D269M;57.23556;64.93278;1;
D275H;61.39222;73.04556;1;
D283P;61.06966;75.99673;1;
D286M;71.36044;71.51022;1;
D288G;61.41389;73.09222;1;
D289T;66.80828;65.98117;1;
D290K;66.70781;66.28266;1;
D290M;66.73144;66.21785;1;
D290T;66.81153;65.98851;1;
D291T;66.81590;65.99869;1;
D292T;66.81960;66.00761;1;
D293F;61.40722;73.14056;1;
D300D;57.23799;65.23472;1;
D300I;57.31807;65.08611;1;
D300M;57.33917;65.03833;1;
D325M;57.39250;65.19194;1;
D338K;66.76409;66.61569;1;
D338M;66.79896;66.61725;1;
D352P;61.20235;76.54304;1;
DA001;71.16838;71.72177;1;
DA002;71.13114;71.46957;1;
DA003;71.22187;71.34317;1;
DA004;71.04033;71.59481;1;
DA005;71.07684;71.84679;1;
DA006;71.16935;71.72957;1;
DA007;71.34164;72.00515;1;
DA101;71.23834;72.20411;1;
DA201;71.26044;72.35966;1;
DA202;71.29647;72.61524;1;
DA203;71.38724;72.48811;1;
DA204;71.20561;72.74119;1;
DA205;71.16870;72.48667;1;
DA206;71.25932;72.35306;1;
DA207;71.32281;72.02949;1;
DA301;71.19069;71.87401;1;
DA302;71.17479;72.34961;1;
DANAT;64.90056;67.99833;0;
DB001;70.28229;68.47069;1;
DB002;70.34790;68.19609;1;
DB003;70.20698;67.96891;1;
DB004;70.32911;67.76058;1;
DB006;70.49221;68.10031;1;
DB007;70.41074;67.92977;1;
DB008;70.36199;68.13667;1;
DB009;70.29937;68.90581;1;
DB011;70.13779;68.56292;1;
DB012;70.21866;68.73369;1;
DB013;70.26815;68.52941;1;
DB018;70.16045;68.97150;1;
DD004;66.54938;66.42144;1;
DD022;66.63265;66.80683;1;
DD041;66.54860;66.41735;1;
DD042;66.50519;66.21922;1;
DD043;66.59222;66.09785;1;
DD044;66.45696;66.00120;1;
DD045;66.41807;66.33974;1;
DD046;66.62390;66.24203;1;
DD047;66.45841;66.52221;1;
DD049;66.75803;65.91482;1;
DD051;66.63771;66.15144;1;
DD221;66.63354;66.81042;1;
DD222;66.67619;67.01062;1;
DD223;66.58824;67.12814;1;
DD224;66.72302;67.23253;1;
DD225;66.76406;66.89226;1;
DD226;66.73325;66.74605;1;
DD228;66.83767;66.24465;1;
DEGIT;70.11556;69.21222;0;
DEKIS;61.17889;83.17250;0;
DELEN;57.59861;65.05361;0;
DEMUP;60.43028;64.52278;0;
DEPON;67.02389;77.93361;0;
DER03;60.96046;76.50281;1;
DER03_;57.18730;65.31769;1;
DER04;66.59649;66.63810;1;
DER12;57.17272;65.35549;1;
DER13;67.97827;75.10869;1;
DER16;62.09914;65.61278;1;
DER21;60.93918;76.46312;1;
DER21_;57.16918;65.28097;1;
DER22;66.58483;66.58416;1;
DER30;57.18979;65.32377;1;
DER34;62.12183;65.61483;1;
DERUR;60.71056;75.68278;0;
DERUS;64.85889;71.02500;0;
DIDET;66.45750;77.07944;0;
DIGAP;61.21528;74.27556;0;
DIGLU;64.97139;72.79972;0;
DIKAR;60.98333;74.91667;1;
DILON;72.51917;75.13611;0;
DINAT;58.20750;69.06139;0;
DINOL;62.82472;74.67806;0;
DINRA;61.17889;64.48556;0;
DIPAR;66.15667;66.33056;0;
DIRET;69.13389;66.64278;0;
DIRUK;63.77056;82.82444;0;
DISAB;60.83667;71.58583;0;
DITLI;62.03750;60.71833;0;
DITUL;65.18694;71.89111;0;
DOKOL;57.99278;67.60000;0;
DOMEK;56.99694;66.07833;0;
DOSIR;65.36139;82.92139;0;
DUDLA;66.89000;65.76667;0;
EKREG;61.82972;82.80222;0;
EN28;70.31022;68.36773;1;
ENIRA;61.09722;65.98000;0;
ERUSA;63.17083;59.71111;0;
FD04;66.55351;66.41366;1;
FD06Y;61.00062;68.86178;1;
FD06Z;61.00435;68.89210;1;
FD14;65.57632;72.58793;1;
FD21;57.23705;65.38674;1;
FD22;71.26021;72.36129;1;
FD22_;66.63724;66.80660;1;
FD24Y;61.04878;69.31316;1;
FD24Z;61.04631;69.28381;1;
FD30;57.12709;65.45001;1;
FD32;65.38484;72.77621;1;
FF01;63.10361;75.18667;1;
FF03;60.87000;76.33472;1;
FF03_;57.11861;65.17889;1;
FF04;71.16832;71.72154;1;
FF04_;66.54854;66.41976;1;
FF06;61.00916;68.93441;1;
FF07;61.34306;73.20333;1;
FF09;66.10083;76.27972;1;
FF13;68.06364;75.00856;1;
FF14;65.57878;72.60055;1;
FF16;63.78051;66.70829;1;
FF17;62.28556;74.56944;1;
FF19;63.26446;75.35207;1;
FF21;61.02111;76.61639;1;
FF21_;57.22944;65.40444;1;
FF22;66.63420;66.81114;1;
FF24;61.04741;69.23612;1;
FF25;61.34444;73.56556;1;
FF26;58.05829;68.49760;1;
FF27;66.03861;76.76000;1;
FF30X;57.12861;65.43750;1;
FF30Y;57.12472;65.44444;1;
FF30Z;57.12819;65.43815;1;
FF31;67.91261;75.18519;1;
FF32;65.38733;72.79390;1;
FF34;62.01617;65.60654;1;
FF35;62.09556;74.49806;1;
FI03;57.12433;65.19035;1;
FI04;71.16928;71.72809;1;
FI04_;66.54908;66.41952;1;
FI22;66.63316;66.80865;1;
FL01;63.10111;75.18417;1;
FN01;63.10679;75.18967;1;
FN03;57.12694;65.19556;1;
FN04Y;71.17655;71.77593;1;
FN06Y;60.99941;68.86244;1;
FN08;58.05837;68.20103;1;
FN09;66.09496;76.32903;1;
FN10;70.35336;68.14002;1;
FN12;57.23639;65.23722;1;
FN14X;65.57779;72.60072;1;
FN16;62.20519;65.62174;1;
FN16_;63.78079;66.70733;1;
FN16X;62.18810;65.61981;1;
FN16X_;63.77260;66.70668;1;
FN17X;62.27492;74.56555;1;
FN18;60.21028;64.87083;1;
FN19U;63.26145;75.34913;1;
FN22;71.26050;72.36090;1;
FN22Y;71.25267;72.30562;1;
FN24Y;61.05723;69.30936;1;
FN26;58.05828;68.49610;1;
FN27;66.04472;76.71097;1;
FN28;70.26683;68.50518;1;
FN30;61.24158;63.73858;1;
FN30X;61.22761;63.76115;1;
FN30X_;57.12833;65.43778;1;
FN31;67.91279;75.18681;1;
FN32X;65.39495;72.78712;1;
FN34X;62.02424;65.60707;1;
FN34X_;63.59504;66.69272;1;
FN34Y;63.58534;66.69192;1;
FN34Z;63.58536;66.69197;1;
FN35X;62.11113;74.50384;1;
FN36;60.00583;64.78194;1;
GAFEN;57.90806;69.05750;0;
GARMU;60.35222;69.62361;0;
GEPLA;61.93194;63.28833;0;
GERPI;67.71889;67.91806;0;
GIBUL;57.39694;63.76028;0;
GIMAS;58.86556;73.68889;0;
GIMIL;65.78111;81.48778;0;
GIMIR;65.48222;72.69861;0;
GINPA;57.28833;64.51833;0;
GIPON;63.89611;81.15722;0;
GIREP;66.07056;76.52028;0;
GIRNI;60.51389;76.20694;0;
GIROP;61.02389;77.93889;0;
GISOM;65.68222;73.64083;0;
GISOT;61.54389;71.04028;0;
GISUR;61.34389;73.40194;0;
GITIR;61.19556;64.86667;0;
GITOK;68.01722;76.05306;0;
GOBLA;61.12500;72.04722;0;
GOLOK;61.09667;73.71667;0;
GOLOM;72.72083;74.84972;0;
GOLON;59.31722;63.97361;0;
GONOK;66.33556;72.83833;0;
GOREN;57.49694;64.73861;0;
GRADA;57.98361;65.61528;0;
GUBAT;67.00722;65.43139;0;
GUDIR;67.57556;70.02472;0;
GUPLI;64.25056;60.89806;0;
HH001;61.04575;69.22283;1;
HH002;60.82378;69.47713;1;
HH003;61.14904;69.08297;1;
HH004;60.89058;68.81166;1;
HH005;60.96181;68.56157;1;
HH006;61.08359;68.70817;1;
HH007;60.98710;68.76007;1;
HH008;61.00778;68.92276;1;
HH009;61.16619;69.35941;1;
HH010;61.09490;69.61104;1;
HH011;60.97328;69.46387;1;
HH012;61.06974;69.41180;1;
HH013;61.04912;69.24877;1;
HH014;61.30868;69.15463;1;
HH015;61.19949;68.67748;1;
HH016;61.00193;69.49474;1;
HH017;60.94125;69.24025;1;
HH018;61.24406;69.57097;1;
HH019;61.16212;69.12562;1;
HH020;61.22703;68.69441;1;
HH021;60.85383;68.68529;1;
HH022;60.81575;68.83760;1;
HH023;60.81169;69.27885;1;
HH024;60.90861;69.77598;1;
HH025;61.00456;68.89844;1;
HH026;61.17312;69.70216;1;
HH027;61.08908;69.79608;1;
HH028;60.92469;69.21892;1;
HH029;61.00923;68.93488;1;
HH030;61.04751;69.23683;1;
HN001;62.18536;65.62061;1;
HN002;62.19175;65.27925;1;
HN008;61.91592;65.59631;1;
HN009;61.91158;65.80736;1;
HN010;61.91994;65.38517;1;
HN011;62.02278;66.04272;1;
HN012;62.07772;65.09997;1;
HN013;62.06967;65.26564;1;
HQ101;63.78056;66.70825;1;
HQ102;63.86481;66.71606;1;
HQ103;63.86875;66.48836;1;
HQ104;63.96522;66.72539;1;
HQ105;63.86053;66.94367;1;
HQ106;63.59769;66.69147;1;
HQ107;63.78828;66.93606;1;
HQ108;63.72164;66.25594;1;
HQ109;63.67192;67.14258;1;
HQ110;63.58586;66.69042;1;
HQ111;63.50158;66.68275;1;
HQ112;63.49733;66.90747;1;
HQ113;63.50547;66.45794;1;
HQ114;63.74000;66.70453;1;
HQ115;63.55536;66.91319;1;
HQ116;63.56294;67.11375;1;
HQ117;63.70381;66.10122;1;
HS003;61.54192;63.49895;1;
HS006;61.27151;63.68967;1;
HS008;61.24164;63.73754;1;
HS009;61.18251;63.83212;1;
HS011;61.09836;63.72187;1;
HS012;61.21250;64.02897;1;
HS013;61.10354;63.95771;1;
IBMID;71.52833;72.58167;1;
IBRIL;60.26556;70.08861;0;
INDUS;61.97583;73.33833;0;
INGIR;62.75278;74.99583;0;
INKOR;58.25722;72.90389;0;
INSUD;61.76028;63.82833;0;
INTAN;66.34278;63.20667;0;
ISKET;56.83861;66.76028;0;
KABAT;59.39528;65.87694;0;
KALIR;60.19333;65.52500;0;
KAMNI;66.43389;64.36472;0;
KANAL;62.15056;73.61528;0;
KARPO;60.84167;74.05667;0;
KEDOR;63.48306;59.79222;0;
KEGIR;56.77528;65.34028;0;
KEGIS;66.00722;77.54528;0;
KEMIB;69.97528;68.66778;0;
KENAK;70.22167;66.03556;0;
KESEB;60.71722;67.54028;0;
KIRZI;66.81333;64.70139;0;
KOGUM;62.19056;74.53361;0;
KOPIS;61.17472;82.80083;0;
KORIB;59.44528;65.34694;0;
KOVER;61.31389;72.07861;0;
KOVUD;59.47028;64.81528;0;
KUBET;60.45056;75.83222;0;
KUGET;65.27833;65.79472;0;
KULAM;58.05028;66.86694;0;
KULAP;66.67222;67.72139;0;
KULOG;65.21944;78.31556;0;
KUMAS;66.24722;73.69667;0;
KUMIR;61.76722;83.54917;0;
KUPAD;60.90583;75.54917;0;
KUPEN;61.13167;70.03667;0;
KUPON;59.75056;75.28222;0;
KUSET;68.18750;78.82861;0;
KUTAM;64.23056;84.33583;0;
LABAR;70.93389;65.75583;0;
LAGNI;65.66722;70.58167;0;
LAKED;57.61361;65.47694;0;
LALUL;71.47944;72.79389;1;
LAMIN;61.28333;71.75000;1;
LANEM;66.02806;81.83111;0;
LARTU;61.99556;70.97028;0;
LARUS;59.74833;64.82222;0;
LEBED;57.05861;66.91528;0;
LEBUL;64.84556;71.80833;0;
LEGBI;56.52028;70.01389;0;
LEKMU;63.07611;67.17139;0;
LEPES;69.96389;66.18444;0;
LERPI;59.05556;66.78528;0;
LIBMA;56.03861;67.67361;0;
LIGRI;63.20056;64.43167;0;
LITMA;62.55556;74.87361;0;
LITUN;59.33389;74.49889;0;
LOKDI;64.17528;81.23556;0;
LOKOS;61.05000;74.60000;1;
LONGI;59.56389;69.52528;0;
LOREK;60.35056;76.48222;0;
LORTI;67.92222;67.51972;0;
LUGIK;59.71694;65.93194;0;
LUGOT;72.03889;66.82250;0;
LUKAS;56.14139;69.42694;0;
LUKAT;66.86306;67.51111;0;
LUKIS;63.31389;76.22139;0;
LULIT;62.02889;71.47028;0;
LUMOR;65.06889;78.59333;0;
LUNEP;63.18389;75.26861;0;
LUNOD;65.66278;76.97750;0;
LUSIN;57.81639;67.74306;0;
LUTEP;61.39556;64.52722;0;
MABIN;63.89056;75.13694;0;
MADUN;66.14222;66.62306;0;
MALIB;56.68361;65.64028;0;
MALUB;63.79833;65.92889;0;
MALUR;62.18694;75.30278;0;
MAMAT;71.07222;70.15778;0;
MAPUN;58.60500;64.79500;0;
MAPUR;70.85778;78.58972;0;
MASUL;64.91889;66.66167;0;
MAZIS;57.74861;68.83917;0;
MD04;66.58065;66.56597;1;
MEBOR;67.30722;66.63972;0;
MELIM;68.50056;71.13639;0;
MEMBA;65.85056;74.46528;0;
MESKO;69.05917;79.76861;0;
MIDET;58.09972;67.59278;0;
MILGA;59.83861;64.01833;0;
MININ;71.69917;76.49639;0;
MISOR;69.87083;79.26194;0;
ML26;58.05842;68.37839;1;
MM101;65.41792;72.76319;1;
MM102;65.54411;72.63581;1;
MM103;65.57822;72.60114;1;
MM104;65.65589;72.52183;1;
MM105;65.61661;72.29794;1;
MM106;65.69483;72.74642;1;
MM107;65.41050;72.77064;1;
MM108;65.61697;72.82486;1;
MM109;65.72303;73.17667;1;
MM110;65.44264;72.19219;1;
MM111;65.20733;72.49867;1;
MM112;65.38631;72.79489;1;
MM113;65.30847;72.87258;1;
MM114;65.34689;73.09472;1;
MM115;65.26969;72.65108;1;
MM116;65.53744;72.64256;1;
MM117;65.42486;73.01756;1;
MM118;65.50433;73.30142;1;
MM119;65.41033;72.38439;1;
MOKON;66.28056;73.70333;0;
MOLEG;58.23167;67.66111;0;
MONAG;70.00083;75.27667;0;
MONAR;64.18222;65.17000;0;
MONIB;65.84083;72.04917;0;
MORUT;72.29750;75.44639;0;
MOTEK;59.43889;67.86361;0;
MQ001;68.11653;74.65378;1;
MQ002;68.15706;74.89797;1;
MQ003;68.19706;75.14325;1;
MQ004;68.06439;75.00764;1;
MQ005;67.85706;75.53697;1;
MQ006;67.81753;75.29506;1;
MQ007;67.77767;75.05400;1;
MQ008;67.91206;75.18581;1;
MQ009;68.02225;75.05717;1;
MQ010;68.10439;75.25189;1;
MQ011;67.95172;75.42850;1;
MQ22;66.60040;66.65750;1;
MU001;66.03044;76.00653;1;
MU002;66.15639;75.84464;1;
MU003;66.22192;76.15644;1;
MU004;66.12606;76.08111;1;
MU005;66.10086;76.27964;1;
MU006;66.07600;76.47317;1;
MU007;66.03800;76.76789;1;
MU101;66.10861;77.03197;1;
MU102;65.98222;77.19150;1;
MU103;65.91725;76.88192;1;
MU104;66.01267;76.95644;1;
MU105;66.03861;76.76008;1;
MU106;66.10422;76.25667;1;
MU201;66.02825;76.83869;1;
MU202;66.12208;76.91392;1;
MURGA;64.63278;77.34139;0;
NALOG;60.01361;63.95833;0;
NAPAD;67.12528;82.03667;0;
NAPOR;57.11472;66.13611;0;
NAREK;65.71083;62.09000;0;
NARNI;60.26556;65.47278;0;
NASDA;57.66694;66.19861;0;
NASER;63.48889;72.50861;0;
NEGER;68.28222;71.20806;0;
NEGNA;61.93722;71.38694;0;
NELAR;66.56056;67.73528;0;
NEMON;60.86556;68.27694;0;
NENUS;64.43889;69.96167;0;
NERPI;63.31944;64.97139;0;
NERUG;57.49389;65.88778;0;
NESAT;65.08194;73.18056;0;
NESPI;61.09861;73.43222;0;
NETLU;62.48389;64.92833;0;
NETUR;63.66889;64.81667;0;
NIBNU;61.76944;82.79167;0;
NIDRA;71.45917;77.14333;0;
NIKUL;58.46722;73.17722;0;
NIMOL;61.36944;76.76167;0;
NIREL;67.87333;74.19528;0;
NITEK;65.35333;82.02778;0;
NITNU;71.38667;73.01917;1;
NN141;60.99853;76.57406;1;
NN142;60.86981;76.33419;1;
NN143;60.80725;76.21819;1;
NN144;60.73964;76.37028;1;
NN145;60.87469;76.06544;1;
NN146;60.93725;76.18161;1;
NN147;60.99908;76.57461;1;
NN148;60.87006;76.74211;1;
NN231;60.89864;76.38833;1;
NN232;61.15114;76.57931;1;
NN233;61.01608;76.88686;1;
NN234;61.08367;76.73344;1;
NN235;61.02122;76.61644;1;
NN236;60.89894;76.38803;1;
NN237;61.08856;76.46292;1;
NN238;60.87372;76.86350;1;
NODRA;60.46222;64.84250;0;
NOLBI;63.44722;77.25722;0;
NOLRI;67.07389;77.30361;0;
NONRA;70.03000;69.47139;0;
NOROT;67.70056;72.89833;0;
NURGI;67.98722;75.09833;0;
NUTSA;60.85583;71.31500;0;
OBEMA;70.48417;65.87972;0;
OBODA;70.87056;72.35028;0;
OBUSI;69.00250;79.03028;0;
ODNOR;63.99028;65.62250;0;
OGDAR;69.42917;73.12806;0;
OGIKA;61.78333;72.44667;0;
OGLES;65.57806;71.64389;0;
OGOLA;60.50389;68.78528;0;
OGROM;62.47833;59.58444;0;
OGTAT;62.29972;82.40389;0;
OGTON;56.41139;66.51944;0;
OGUMA;62.33333;59.55861;0;
OKARO;63.92722;72.99528;0;
OKATU;67.64306;75.37056;0;
OKDEG;55.82056;69.35667;0;
OKIMI;63.34028;66.50083;0;
OKLIN;65.81889;73.59194;0;
OKRAM;65.77222;72.53167;0;
OKRIN;60.99611;77.38472;0;
OKSAN;60.81806;76.04139;0;
OLAPI;64.63028;60.32111;0;
OLDEM;67.35056;73.16833;0;
OLEMI;60.92611;64.03139;0;
OLUKA;63.56722;75.78806;0;
OM07;61.34394;73.29881;1;
OM25;61.34417;73.50489;1;
ORGUN;65.92222;78.95389;0;
ORMUT;67.04556;78.57528;0;
ORTIL;68.82889;72.83000;0;
OSGOP;55.96000;67.90833;0;
OSLIG;70.87583;71.67667;0;
OSNEP;58.46111;68.28833;0;
OTNIS;65.74111;64.54500;0;
OTNOR;66.50167;76.21917;0;
PAMIR;62.53556;74.21556;0;
PAROM;60.83389;77.03389;0;
PARUS;61.77722;74.40889;0;
PEKIL;59.90556;65.41917;0;
PEKOM;64.45556;60.06361;0;
PEMIN;60.70139;76.15278;0;
PENAG;64.69333;77.17944;0;
PENIG;65.74250;66.07361;0;
PETUG;67.68500;74.58639;0;
PETUN;60.75389;68.41194;0;
PETUS;64.91056;64.74972;0;
PIGUR;60.11694;64.83167;0;
PIKOK;64.91556;65.58139;0;
PINID;60.26083;75.10667;0;
PINOG;73.66917;68.86750;0;
PIPUK;71.02111;71.10639;0;
PIRED;58.09639;72.54722;0;
POGOG;65.63556;78.18222;0;
POKAR;70.57139;69.08278;0;
RAKOT;65.92972;72.77056;0;
RALEM;61.02833;70.05833;0;
RAMUK;63.53694;65.96833;0;
RAPID;63.53389;73.06528;0;
RATRI;61.09167;68.21500;0;
REFRI;67.47722;71.46500;0;
REKSA;66.51583;65.50111;0;
REMKI;65.70722;75.87500;0;
RENLA;70.64583;67.91750;0;
REPNI;64.18722;64.95500;0;
RESMA;59.48722;68.33028;0;
RIGNO;64.76083;78.55389;0;
RIKBI;65.09611;72.15333;0;
RILPA;60.60722;68.85194;0;
RIMAG;68.46722;73.59500;0;
RINOB;62.14194;77.73611;0;
RISIR;59.46389;70.40528;0;
RITNA;60.02722;66.64528;0;
RK601;62.28544;74.56947;1;
RK602;62.36850;74.60103;1;
RK603;62.38581;74.38781;1;
RK604;62.35089;74.81397;1;
RK605;62.26789;74.78186;1;
RK606;62.14861;74.51792;1;
RK611;62.09547;74.49811;1;
RK612;62.01242;74.46694;1;
RK613;62.02969;74.25625;1;
RK614;61.99481;74.67742;1;
RK615;62.07783;74.70914;1;
RK616;62.28031;74.56753;1;
RO001;63.10101;75.18403;1;
RO002;63.04265;75.12456;1;
RO003;63.05078;74.90586;1;
RO004;62.95219;75.03289;1;
RO006;62.97241;75.27992;1;
RO007;63.26700;75.35462;1;
RO008;63.32508;75.41477;1;
RO009;63.31619;75.63539;1;
RO011;63.41529;75.50876;1;
RO012;63.39544;75.25779;1;
RO013;63.24610;75.33325;1;
RO014;63.14449;74.95933;1;
RO016;63.36863;75.20007;1;
RO019;63.12247;75.20574;1;
RO021;63.31672;75.13328;1;
RO031;63.10369;75.18678;1;
RO037;63.26432;75.35266;1;
RODKA;65.73361;67.31528;0;
ROGEB;60.37917;74.58500;0;
ROLNI;63.80556;74.62028;0;
ROMEV;59.29889;71.73194;0;
ROMLO;71.16333;70.93889;1;
ROMNA;58.36889;68.84111;0;
ROPOT;57.40028;67.08194;0;
ROPSI;58.41750;68.70167;0;
RORNI;67.03889;66.63028;0;
RR173;61.34311;73.20333;1;
RR174;61.34278;73.09124;1;
RR175;61.34226;72.92309;1;
RR176;61.28464;72.97465;1;
RR177;61.39883;72.97006;1;
RR178;61.46332;73.10035;1;
RR179;61.34417;73.50472;1;
RR253;61.34433;73.56567;1;
RR254;61.34466;73.67767;1;
RR255;61.34508;73.82714;1;
RR256;61.28851;73.79842;1;
RR257;61.40271;73.79470;1;
RR258;61.46498;73.65977;1;
RUBOR;56.73361;70.22222;0;
RUDIM;57.35194;70.81389;0;
RUKAN;63.34917;66.96361;0;
RULIK;63.85056;76.18194;0;
SABIK;66.82222;73.83667;0;
SADER;60.13028;63.91667;0;
SALER;57.82861;64.13861;0;
SIRMA;61.12083;72.39139;0;
SISMA;64.65722;84.06917;0;
SOGNA;61.01722;70.94861;0;
SOLMU;57.27722;66.11917;0;
SONKA;65.07389;83.80083;0;
SONUG;67.00056;67.07083;0;
SORIB;64.88528;76.97278;0;
SORLI;62.46722;66.03167;0;
SOTIN;62.94139;64.61417;0;
STELA;61.21722;70.93194;0;
STONI;61.66722;77.44389;0;
SUGUP;60.96778;75.54639;0;
SULOR;64.04694;66.68556;0;
SUNEB;71.84556;69.81111;0;
SUTOT;66.40528;65.58833;0;
TABOS;63.98389;82.04889;0;
TAGOK;61.25500;69.94167;0;
TALED;63.45222;64.63722;0;
TALNA;68.90056;69.44806;0;
TANAM;68.02750;80.90194;0;
TANAR;65.47917;83.52556;0;
TARSA;64.91722;77.78194;0;
TEDKA;64.38722;82.13861;0;
TELGO;68.48722;67.85139;0;
TERDO;60.80167;69.92167;0;
TETSI;61.15639;75.65250;0;
TIFAS;58.02250;69.11028;0;
TILNA;59.08417;74.02139;0;
TILRI;65.01444;78.63444;0;
TINRI;57.16861;65.31528;0;
TIRAR;61.26333;64.52861;0;
TIRIP;67.15250;79.42861;0;
TIRUN;58.14444;69.09694;0;
TJ001;58.05836;68.20011;1;
TJ002;58.05806;68.02792;1;
TJ003;58.15864;68.02703;1;
TJ004;57.95117;68.02886;1;
TJ005;58.05744;67.83814;1;
TJ006;58.05853;68.48308;1;
TJ007;57.95147;68.48264;1;
TJ008;58.16644;68.54961;1;
TJ009;57.93131;68.52786;1;
TJ010;58.05833;68.49614;1;
TJ011;58.05800;68.66953;1;
TJ012;58.15861;68.67047;1;
TJ013;58.05736;68.85931;1;
TJ014;57.94842;68.66853;1;
TJ015;58.05836;68.21656;1;
TJ016;57.94881;68.21692;1;
TJ017;58.30506;68.61875;1;
TJ018;57.91697;68.44317;1;
TJ019;58.05836;68.47203;1;
TJ020;58.27928;68.62719;1;
TJ021;58.36667;68.52047;1;
TJ022;58.03631;67.97875;1;
TJ023;58.05831;68.16681;1;
TJ024;58.32389;68.11175;1;
TJ025;58.17906;68.57744;1;
TODES;60.63056;70.48194;0;
TOLKA;63.86139;67.40972;0;
TOMRA;66.79056;67.62444;0;
TR001;57.14489;64.95764;1;
TR002;57.00278;64.94650;1;
TR003;56.99644;65.20686;1;
TR004;57.07072;65.08250;1;
TR005;57.12706;65.19581;1;
TR006;57.36500;65.40300;1;
TR007;57.35772;65.66586;1;
TR008;57.21569;65.65186;1;
TR009;57.29042;65.52772;1;
TR011;57.22303;64.99764;1;
TR012;57.36522;64.99508;1;
TR013;57.36619;65.25831;1;
TR014;57.29475;65.12772;1;
TR015;57.23611;65.23744;1;
TR016;57.06933;65.73111;1;
TR017;56.99806;65.41639;1;
TR018;57.06944;65.54647;1;
TR019;57.12839;65.43769;1;
TR020;57.06900;65.79269;1;
TR021;56.99725;65.64261;1;
TR022;57.38047;65.10142;1;
TR023;57.12700;65.82672;1;
TR024;57.18344;65.90086;1;
TR025;57.27458;64.86831;1;
TR026;57.22758;65.78869;1;
TR027;57.25542;65.45619;1;
TR028;57.20225;65.78217;1;
TR029;57.01369;65.65244;1;
TR030;57.12061;65.90608;1;
TR031;57.02025;65.63694;1;
TR032;57.30628;65.73161;1;
TR210;57.22969;65.40381;1;
TULDI;62.30556;83.94583;0;
TUMOK;71.21722;66.90611;0;
TUNAB;61.40833;68.62167;0;
TUPEG;61.68056;77.82167;0;
TURMI;61.38833;76.59806;0;
TURUM;64.15250;59.97694;0;
UDRUT;66.15722;75.43444;0;
UGLIT;58.42083;66.27556;0;
ULGUN;61.50056;74.24861;0;
ULKIK;61.69944;82.80611;0;
UMGOD;71.45667;71.21250;1;
UNEKI;59.91889;68.34861;0;
UNISO;61.29028;63.66000;0;
UNKIS;57.70056;71.16556;0;
UNKOR;70.19833;67.33111;0;
UNOKI;66.44389;70.90667;0;
URAMI;62.15889;77.32889;0;
URENA;65.95056;78.36528;0;
URESI;60.56472;75.97750;0;
URMAN;61.77056;68.11361;0;
UROMA;63.97556;64.43000;0;
UTORA;58.71333;63.84333;0;
UVATA;59.15056;68.89861;0;
VIPRA;64.10889;66.68333;0;
VOREG;59.33722;71.42194;0;
ZORKI;61.37806;72.77889;0;
